name: py3
channels:
  - conda-forge
  - defaults
dependencies:
  - icu=58.2=vc14_0
  - jpeg=9b=vc14_2
  - libpng=1.6.28=vc14_2
  - libtiff=4.0.7=vc14_1
  - libwebp=0.5.2=vc14_7
  - opencv=3.3.0=py36_203
  - pip=9.0.1=py36_1
  - python=3.6.4=0
  - qt=5.6.2=vc14_1
  - setuptools=38.5.1=py36_0
  - vc=14=0
  - vs2015_runtime=14.0.25420=0
  - wheel=0.30.0=py36_2
  - wincertstore=0.2=py36_0
  - zlib=1.2.11=vc14_0
  - backports=1.0=py36h81696a8_1
  - backports.weakref=1.0rc1=py36_0
  - bleach=1.5.0=py36_0
  - ca-certificates=2017.08.26=h94faf87_0
  - certifi=2018.1.18=py36_0
  - html5lib=0.9999999=py36_0
  - icc_rt=2017.0.4=h97af966_0
  - intel-openmp=2018.0.0=hd92c6cd_8
  - libprotobuf=3.5.1=he0781b1_0
  - markdown=2.6.11=py36_0
  - mkl=2018.0.1=h2108138_4
  - numpy=1.14.0=py36h4a99626_1
  - openssl=1.0.2n=h74b6da3_0
  - pandas=0.22.0=py36h6538335_0
  - protobuf=3.5.1=py36h6538335_0
  - python-dateutil=2.6.1=py36h509ddcb_1
  - pytz=2018.3=py36_0
  - scipy=1.0.0=py36h1260518_0
  - six=1.11.0=py36h4db2310_1
  - tensorflow=1.2.1=py36_0
  - werkzeug=0.14.1=py36_0
  - pip:
    - libpgm==1.3
prefix: C:\Users\Agent Chaos\Anaconda3\envs\py3
